0000000000000000
0000000000000005
000000000000000a
000000000000000f
000000000000000f
0000000000000014
000000000000000f
0000000000000014
000000000000000f
0000000000000014
000000000000000f
0000000000000014
0000000000000003
0000000000000008
0000000000000005
000000000000000f
0000000000000005
000000000000000f
0000000000000019
0000000000000019
0000000000000005
0000000000000005
000000000000002a
0000000000000000
0000000000000000
0000000000000000
0000000000000005
0000000000000000
0000000000000000
0000000000000000
0000000000000000
0000000000000000
35
